camera_matrix:
  rows: 3
  cols: 3
  data: [[543.893649, 0, 318.565665], [0, 729.110106, 169.422277], [0, 0, 1]]

distortion_coefficients:
  rows: 1
  cols: 5
  data: [-0.323778, 0.038317, -0.001379, 0.002401, 0.136521]

homography_matrix:
  rows: 3
  cols: 3
  data: [[-3.02695749, 5.58993394, 1283.03371837], [0.27407169, -6.16427358, 1021.42309494], [-0.00052482, 0.01875720, 1.00000000]]

coordinate_frame:
  X: forward (mm)
  Y: left (mm)